100	0.000026	0.000026
101	0.000026	0.000026
102	0.000027	0.000026
103	0.000027	0.000027
104	0.000028	0.000027
105	0.000028	0.000028
106	0.000029	0.000029
107	0.000029	0.000029
108	0.000030	0.000029
109	0.000031	0.000030
110	0.000032	0.000030
111	0.000033	0.000032
112	0.000033	0.000031
113	0.000033	0.000032
114	0.000034	0.000033
115	0.000034	0.000034
116	0.000035	0.000035
117	0.000035	0.000036
118	0.000037	0.000036
119	0.000036	0.000036
120	0.000039	0.000036
121	0.000039	0.000037
122	0.000040	0.000038
123	0.000042	0.000039
124	0.000040	0.000039
125	0.000040	0.000040
126	0.000041	0.000042
127	0.000042	0.000042
128	0.000044	0.000041
129	0.000043	0.000042
130	0.000044	0.000043
131	0.000045	0.000044
132	0.000046	0.000044
133	0.000047	0.000045
134	0.000047	0.000047
135	0.000048	0.000046
136	0.000048	0.000048
137	0.000053	0.000050
138	0.000050	0.000049
139	0.000049	0.000049
140	0.000050	0.000051
141	0.000052	0.000050
142	0.000055	0.000054
143	0.000059	0.000053
144	0.000054	0.000056
145	0.000055	0.000056
146	0.000059	0.000057
147	0.000057	0.000056
148	0.000057	0.000056
149	0.000058	0.000059
150	0.000059	0.000057
151	0.000061	0.000059
152	0.000060	0.000061
153	0.000061	0.000061
154	0.000065	0.000062
155	0.000065	0.000061
156	0.000066	0.000063
157	0.000063	0.000066
158	0.000065	0.000064
159	0.000066	0.000065
160	0.000069	0.000066
161	0.000080	0.000069
162	0.000069	0.000073
163	0.000070	0.000071
164	0.000073	0.000069
165	0.000073	0.000069
166	0.000077	0.000072
167	0.000073	0.000072
168	0.000073	0.000075
169	0.000082	0.000073
170	0.000080	0.000076
171	0.000078	0.000080
172	0.000077	0.000080
173	0.000079	0.000079
174	0.000080	0.000077
175	0.000088	0.000080
176	0.000082	0.000082
177	0.000083	0.000080
178	0.000085	0.000083
179	0.000092	0.000082
180	0.000097	0.000086
181	0.000088	0.000089
182	0.000089	0.000089
183	0.000090	0.000090
184	0.000091	0.000087
185	0.000093	0.000088
186	0.000092	0.000089
187	0.000095	0.000090
188	0.000098	0.000090
189	0.000102	0.000092
190	0.000097	0.000096
191	0.000101	0.000096
192	0.000099	0.000098
193	0.000106	0.000100
194	0.000110	0.000098
195	0.000109	0.000099
196	0.000102	0.000099
197	0.000109	0.000101
198	0.000113	0.000103
199	0.000114	0.000103
200	0.000106	0.000102
201	0.000117	0.000103
202	0.000115	0.000108
203	0.000125	0.000109
204	0.000122	0.000110
205	0.000116	0.000107
206	0.000118	0.000109
207	0.000125	0.000110
208	0.000120	0.000118
209	0.000130	0.000112
210	0.000125	0.000114
211	0.000128	0.000116
212	0.000134	0.000117
213	0.000144	0.000121
214	0.000132	0.000124
215	0.000131	0.000118
216	0.000127	0.000118
217	0.000157	0.000120
218	0.000148	0.000124
219	0.000150	0.000127
220	0.000134	0.000123
221	0.000141	0.000126
222	0.000143	0.000127
223	0.000150	0.000130
224	0.000139	0.000133
225	0.000145	0.000130
226	0.000153	0.000131
227	0.000179	0.000134
228	0.000153	0.000143
229	0.000152	0.000146
230	0.000149	0.000139
231	0.000156	0.000137
232	0.000160	0.000140
233	0.000163	0.000141
234	0.000173	0.000146
235	0.000174	0.000142
236	0.000171	0.000145
237	0.000168	0.000149
238	0.000168	0.000151
239	0.000166	0.000162
240	0.000158	0.000149
241	0.000175	0.000153
242	0.000175	0.000152
243	0.000189	0.000157
244	0.000177	0.000155
245	0.000183	0.000154
246	0.000178	0.000156
247	0.000195	0.000165
248	0.000180	0.000168
249	0.000194	0.000168
250	0.000190	0.000165
251	0.000187	0.000165
252	0.000184	0.000168
253	0.000212	0.000168
254	0.000202	0.000164
255	0.000205	0.000168
256	0.000206	0.000169
257	0.000200	0.000172
258	0.000198	0.000174
259	0.000206	0.000184
260	0.000197	0.000180
261	0.000196	0.000178
262	0.000226	0.000177
263	0.000232	0.000181
264	0.000195	0.000179
265	0.000218	0.000184
266	0.000217	0.000185
267	0.000220	0.000187
268	0.000217	0.000193
269	0.000209	0.000197
270	0.000228	0.000188
271	0.000238	0.000192
272	0.000227	0.000204
273	0.000242	0.000194
274	0.000230	0.000194
275	0.000235	0.000201
276	0.000240	0.000202
277	0.000247	0.000206
278	0.000221	0.000209
279	0.000244	0.000198
280	0.000225	0.000206
281	0.000250	0.000207
282	0.000248	0.000214
283	0.000253	0.000221
284	0.000249	0.000207
285	0.000272	0.000211
286	0.000265	0.000220
287	0.000250	0.000218
288	0.000245	0.000228
289	0.000264	0.000217
290	0.000253	0.000220
291	0.000264	0.000232
292	0.000256	0.000221
293	0.000288	0.000222
294	0.000269	0.000224
295	0.000292	0.000226
296	0.000258	0.000227
297	0.000304	0.000230
298	0.000276	0.000226
299	0.000282	0.000235
300	0.000273	0.000246
301	0.000287	0.000244
302	0.000286	0.000236
303	0.000316	0.000239
304	0.000280	0.000245
305	0.000326	0.000238
306	0.000292	0.000239
307	0.000294	0.000250
308	0.000286	0.000264
309	0.000310	0.000264
310	0.000337	0.000259
311	0.000295	0.000255
312	0.000298	0.000265
313	0.000335	0.000250
314	0.000310	0.000260
315	0.000314	0.000255
316	0.000319	0.000263
317	0.000342	0.000281
318	0.000299	0.000272
319	0.000300	0.000261
320	0.000336	0.000267
321	0.000350	0.000272
322	0.000319	0.000270
323	0.000327	0.000279
324	0.000317	0.000273
325	0.000338	0.000284
326	0.000329	0.000295
327	0.000366	0.000295
328	0.000331	0.000276
329	0.000342	0.000287
330	0.000349	0.000293
331	0.000348	0.000294
332	0.000345	0.000287
333	0.000398	0.000287
334	0.000346	0.000289
335	0.000389	0.000296
336	0.000335	0.000295
337	0.000352	0.000296
338	0.000354	0.000311
339	0.000394	0.000313
340	0.000348	0.000303
341	0.000422	0.000301
342	0.000372	0.000307
343	0.000430	0.000304
344	0.000351	0.000301
345	0.000376	0.000306
346	0.000386	0.000329
347	0.000415	0.000324
348	0.000377	0.000318
349	0.000438	0.000317
350	0.000434	0.000318
351	0.000406	0.000316
352	0.000354	0.000316
353	0.000411	0.000321
354	0.000397	0.000341
355	0.000391	0.000336
356	0.000408	0.000328
357	0.000430	0.000334
358	0.000433	0.000335
359	0.000410	0.000331
360	0.000388	0.000333
361	0.000426	0.000341
362	0.000418	0.000353
363	0.000423	0.000363
364	0.000431	0.000359
365	0.000454	0.000353
366	0.000436	0.000349
367	0.000474	0.000358
368	0.000414	0.000353
369	0.000413	0.000357
370	0.000470	0.000366
371	0.000503	0.000357
372	0.000455	0.000360
373	0.000461	0.000358
374	0.000461	0.000364
375	0.000497	0.000368
376	0.000412	0.000373
377	0.000476	0.000371
378	0.000495	0.000383
379	0.000475	0.000365
380	0.000436	0.000397
381	0.000532	0.000394
382	0.000520	0.000390
383	0.000477	0.000386
384	0.000478	0.000386
385	0.000520	0.000387
386	0.000503	0.000381
387	0.000475	0.000396
388	0.000506	0.000406
389	0.000522	0.000408
390	0.000529	0.000400
391	0.000527	0.000400
392	0.000445	0.000405
393	0.000523	0.000406
394	0.000504	0.000408
395	0.000567	0.000416
396	0.000468	0.000416
397	0.000559	0.000407
398	0.000538	0.000419
399	0.000523	0.000430
400	0.000493	0.000411
401	0.000548	0.000415
402	0.000580	0.000429
403	0.000582	0.000435
404	0.000561	0.000416
405	0.000571	0.000429
406	0.000539	0.000432
407	0.000602	0.000431
408	0.000489	0.000431
409	0.000594	0.000442
410	0.000611	0.000460
411	0.000619	0.000430
412	0.000527	0.000441
413	0.000603	0.000451
414	0.000618	0.000448
415	0.000548	0.000443
416	0.000508	0.000452
417	0.000679	0.000465
418	0.000559	0.000452
419	0.000676	0.000458
420	0.000575	0.000485
421	0.000587	0.000467
422	0.000585	0.000463
423	0.000636	0.000474
424	0.000516	0.000483
425	0.000605	0.000463
426	0.000615	0.000476
427	0.000654	0.000499
428	0.000582	0.000470
429	0.000705	0.000481
430	0.000651	0.000483
431	0.000660	0.000488
432	0.000578	0.000483
433	0.000676	0.000510
434	0.000666	0.000504
435	0.000713	0.000502
436	0.000580	0.000493
437	0.000710	0.000496
438	0.000669	0.000502
439	0.000659	0.000509
440	0.000625	0.000500
441	0.000705	0.000526
442	0.000621	0.000504
443	0.000739	0.000509
444	0.000616	0.000525
445	0.000693	0.000514
446	0.000757	0.000529
447	0.000722	0.000539
448	0.000672	0.000521
449	0.000765	0.000528
450	0.000708	0.000540
451	0.000731	0.000534
452	0.000731	0.000528
453	0.000733	0.000535
454	0.000719	0.000542
455	0.000794	0.000551
456	0.000640	0.000552
457	0.000820	0.000543
458	0.000785	0.000551
459	0.000762	0.000550
460	0.000746	0.000557
461	0.000831	0.000554
462	0.000758	0.000563
463	0.000873	0.000578
464	0.000651	0.000556
465	0.000779	0.000573
466	0.000849	0.000566
467	0.000845	0.000556
468	0.000726	0.000573
469	0.000840	0.000577
470	0.000748	0.000570
471	0.000807	0.000575
472	0.000698	0.000581
473	0.000902	0.000570
474	0.000858	0.000593
475	0.000806	0.000599
476	0.000761	0.000589
477	0.000834	0.000592
478	0.000799	0.000593
479	0.000894	0.000590
480	0.000725	0.000608
481	0.000794	0.000632
482	0.000849	0.000612
483	0.000862	0.000626
484	0.000781	0.000623
485	0.000883	0.000622
486	0.000881	0.000636
487	0.000971	0.000637
488	0.000730	0.000627
489	0.000900	0.000649
490	0.000960	0.000649
491	0.000861	0.000628
492	0.000805	0.000659
493	0.000917	0.000627
494	0.000866	0.000647
495	0.000921	0.000656
496	0.000715	0.000635
497	0.000936	0.000646
498	0.000933	0.000646
499	0.000971	0.000638
500	0.000920	0.000652
501	0.000951	0.000672
502	0.000926	0.000649
503	0.000932	0.000654
504	0.000814	0.000655
505	0.001030	0.000661
506	0.000919	0.000686
507	0.000980	0.000691
508	0.000858	0.000703
509	0.001016	0.000682
510	0.000986	0.000692
511	0.000956	0.000695
512	0.001005	0.000687
513	0.000981	0.000685
514	0.000994	0.000676
515	0.001119	0.000681
516	0.000937	0.000687
517	0.001106	0.000693
518	0.000997	0.000728
519	0.001053	0.000703
520	0.000862	0.000726
521	0.001004	0.000717
522	0.001031	0.000709
523	0.001024	0.000709
524	0.000942	0.000724
525	0.001020	0.000713
526	0.001035	0.000727
527	0.001096	0.000724
528	0.000863	0.000724
529	0.001143	0.000736
530	0.001026	0.000734
531	0.001146	0.000740
532	0.000962	0.000736
533	0.001103	0.000730
534	0.001173	0.000734
535	0.001089	0.000736
536	0.000950	0.000782
537	0.001160	0.000762
538	0.001134	0.000765
539	0.001171	0.000746
540	0.001018	0.000761
541	0.001147	0.000784
542	0.001172	0.000794
543	0.001223	0.000795
544	0.000960	0.000787
545	0.001201	0.000765
546	0.001142	0.000785
547	0.001237	0.000792
548	0.001024	0.000786
549	0.001319	0.000798
550	0.001181	0.000787
551	0.001159	0.000791
552	0.001020	0.000801
553	0.001200	0.000801
554	0.001264	0.000798
555	0.001232	0.000822
556	0.001088	0.000804
557	0.001173	0.000815
558	0.001165	0.000810
559	0.001216	0.000837
560	0.000998	0.000826
561	0.001286	0.000824
562	0.001136	0.000819
563	0.001239	0.000816
564	0.001073	0.000864
565	0.001277	0.000870
566	0.001189	0.000844
567	0.001322	0.000855
568	0.001099	0.000832
569	0.001385	0.000882
570	0.001300	0.000865
571	0.001363	0.000853
572	0.001162	0.000857
573	0.001362	0.000857
574	0.001291	0.000869
575	0.001338	0.000869
576	0.001177	0.000853
577	0.001321	0.000876
578	0.001323	0.000875
579	0.001391	0.000882
580	0.001170	0.000870
581	0.001317	0.000922
582	0.001385	0.000876
583	0.001382	0.000893
584	0.001100	0.000900
585	0.001464	0.000879
586	0.001402	0.000902
587	0.001407	0.000893
588	0.001239	0.000904
589	0.001460	0.000895
590	0.001471	0.000899
591	0.001408	0.000935
592	0.001117	0.000922
593	0.001523	0.000914
594	0.001391	0.000903
595	0.001444	0.000913
596	0.001279	0.000962
597	0.001466	0.000945
598	0.001548	0.000967
599	0.001573	0.000950
600	0.001185	0.000945
601	0.001532	0.000936
602	0.001483	0.000945
603	0.001546	0.000943
604	0.001316	0.000937
605	0.001522	0.000962
606	0.001508	0.000950
607	0.001536	0.000941
608	0.001239	0.000957
609	0.001468	0.000980
610	0.001516	0.000971
611	0.001467	0.000991
612	0.001355	0.000998
613	0.001581	0.000972
614	0.001489	0.000978
615	0.001524	0.000992
616	0.001249	0.001010
617	0.001696	0.000995
618	0.001512	0.000988
619	0.001606	0.001001
620	0.001423	0.001053
621	0.001716	0.001009
622	0.001550	0.000999
623	0.001644	0.001004
624	0.001287	0.001016
625	0.001678	0.001029
626	0.001594	0.001021
627	0.001700	0.001012
628	0.001442	0.001057
629	0.001661	0.001060
630	0.001582	0.001049
631	0.001752	0.001047
632	0.001384	0.001033
633	0.001739	0.001091
634	0.001673	0.001051
635	0.001785	0.001055
636	0.001510	0.001050
637	0.001750	0.001075
638	0.001708	0.001043
639	0.001763	0.001078
640	0.001477	0.001089
641	0.001704	0.001106
642	0.001731	0.001096
643	0.001833	0.001090
644	0.001529	0.001100
645	0.001790	0.001099
646	0.001717	0.001074
647	0.001806	0.001099
648	0.001344	0.001129
649	0.001892	0.001122
650	0.001825	0.001087
651	0.001775	0.001109
652	0.001539	0.001121
653	0.001724	0.001091
654	0.001867	0.001110
655	0.001823	0.001120
656	0.001447	0.001161
657	0.001968	0.001121
658	0.001853	0.001148
659	0.001822	0.001144
660	0.001653	0.001188
661	0.001819	0.001156
662	0.001761	0.001180
663	0.001965	0.001164
664	0.001469	0.001170
665	0.001912	0.001161
666	0.001808	0.001185
667	0.001933	0.001172
668	0.001581	0.001175
669	0.001964	0.001194
670	0.002045	0.001252
671	0.002012	0.001215
672	0.001583	0.001194
673	0.002088	0.001216
674	0.002106	0.001248
675	0.001880	0.001217
676	0.001689	0.001213
677	0.001903	0.001213
678	0.002028	0.001217
679	0.002050	0.001200
680	0.001554	0.001208
681	0.002098	0.001213
682	0.001851	0.001206
683	0.002188	0.001198
684	0.001731	0.001205
685	0.002047	0.001210
686	0.002234	0.001211
687	0.002224	0.001210
688	0.001565	0.001233
689	0.002151	0.001227
690	0.002087	0.001224
691	0.002049	0.001225
692	0.001817	0.001241
693	0.002220	0.001235
694	0.002110	0.001259
695	0.002194	0.001288
696	0.001679	0.001299
697	0.002280	0.001279
698	0.002061	0.001284
699	0.002280	0.001331
700	0.001891	0.001269
701	0.002102	0.001252
702	0.002275	0.001275
703	0.002390	0.001257
704	0.001809	0.001299
705	0.002405	0.001283
706	0.002211	0.001270
707	0.002075	0.001321
708	0.001947	0.001345
709	0.002395	0.001328
710	0.002191	0.001396
711	0.002396	0.001305
712	0.001793	0.001367
713	0.002230	0.001323
714	0.002260	0.001319
715	0.002380	0.001334
716	0.001921	0.001336
717	0.002411	0.001330
718	0.002306	0.001331
719	0.002331	0.001368
720	0.001805	0.001350
721	0.002484	0.001350
722	0.002309	0.001367
723	0.002496	0.001342
724	0.002048	0.001346
725	0.002391	0.001360
726	0.002367	0.001410
727	0.002433	0.001370
728	0.001770	0.001380
729	0.002593	0.001391
730	0.002419	0.001362
731	0.002337	0.001387
732	0.002139	0.001380
733	0.002704	0.001403
734	0.002318	0.001390
735	0.002552	0.001448
736	0.001980	0.001403
737	0.002462	0.001407
738	0.002410	0.001416
739	0.002484	0.001433
740	0.002063	0.001447
741	0.002500	0.001422
742	0.002426	0.001475
743	0.002674	0.001410
744	0.001866	0.001440
745	0.002611	0.001459
746	0.002709	0.001446
747	0.002719	0.001464
748	0.002114	0.001459
749	0.002837	0.001448
750	0.002609	0.001451
751	0.002601	0.001494
752	0.001939	0.001477
753	0.002827	0.001474
754	0.002580	0.001469
755	0.002623	0.001472
756	0.002225	0.001483
757	0.002653	0.001515
758	0.002595	0.001507
759	0.002670	0.001484
760	0.001964	0.001501
761	0.002658	0.001519
762	0.002602	0.001520
763	0.002869	0.001535
764	0.002222	0.001537
765	0.002595	0.001502
766	0.002751	0.001521
767	0.002820	0.001554
768	0.002346	0.001516
769	0.002859	0.001539
770	0.002840	0.001545
771	0.002918	0.001525
772	0.002361	0.001582
773	0.002946	0.001543
774	0.002774	0.001567
775	0.002952	0.001564
776	0.002079	0.001568
777	0.002854	0.001553
778	0.002744	0.001573
779	0.003111	0.001587
780	0.002361	0.001571
781	0.002670	0.001613
782	0.002881	0.001597
783	0.003115	0.001634
784	0.002118	0.001617
785	0.002950	0.001608
786	0.002870	0.001603
787	0.003039	0.001625
788	0.002463	0.001611
789	0.002911	0.001605
790	0.002837	0.001661
791	0.003017	0.001647
792	0.002259	0.001652
793	0.002924	0.001656
794	0.002710	0.001646
795	0.003133	0.001646
796	0.002585	0.001668
797	0.003049	0.001643
798	0.002912	0.001654
799	0.002973	0.001690
800	0.002432	0.001649
801	0.003241	0.001681
802	0.002942	0.001685
803	0.003235	0.001663
804	0.002541	0.001695
805	0.003263	0.001710
806	0.003094	0.001701
807	0.003088	0.001718
808	0.002233	0.001708
809	0.003045	0.001713
810	0.003071	0.001754
811	0.003313	0.001721
812	0.002616	0.001726
813	0.003227	0.001782
814	0.002987	0.001750
815	0.003419	0.001743
816	0.002411	0.001781
817	0.003268	0.001734
818	0.003171	0.001787
819	0.003294	0.001756
820	0.002662	0.001753
821	0.003361	0.001785
822	0.003250	0.001774
823	0.003443	0.001759
824	0.002427	0.001767
825	0.003245	0.001802
826	0.003133	0.001798
827	0.003628	0.001778
828	0.002853	0.001802
829	0.003405	0.001841
830	0.003178	0.001806
831	0.003266	0.001843
832	0.002694	0.001872
833	0.003488	0.001811
834	0.003327	0.001844
835	0.003626	0.001838
836	0.002786	0.001802
837	0.003471	0.001850
838	0.003221	0.001820
839	0.003533	0.001830
840	0.002546	0.001830
841	0.003760	0.001854
842	0.003453	0.001910
843	0.003466	0.001846
844	0.002864	0.001877
845	0.003447	0.001907
846	0.003530	0.001879
847	0.003698	0.001854
848	0.002564	0.001835
849	0.003720	0.001873
850	0.003383	0.001898
851	0.003656	0.001848
852	0.002963	0.001884
853	0.003848	0.001876
854	0.003385	0.001889
855	0.003812	0.001923
856	0.002666	0.001909
857	0.003825	0.001937
858	0.003580	0.001925
859	0.003595	0.001938
860	0.002984	0.001925
861	0.003745	0.001937
862	0.003738	0.001932
863	0.003857	0.001975
864	0.002840	0.001967
865	0.003862	0.001990
866	0.003617	0.001930
867	0.004032	0.001953
868	0.003134	0.001958
869	0.003991	0.001929
870	0.003686	0.001955
871	0.004043	0.001941
872	0.002730	0.001976
873	0.004106	0.001957
874	0.003657	0.001977
875	0.004016	0.001985
876	0.003199	0.002020
877	0.004031	0.001986
878	0.003810	0.002027
879	0.004099	0.002026
880	0.002899	0.002039
881	0.004215	0.001991
882	0.003958	0.002015
883	0.004124	0.002007
884	0.003261	0.002018
885	0.004015	0.002055
886	0.003832	0.002035
887	0.004118	0.002050
888	0.002897	0.002069
889	0.004139	0.002020
890	0.004048	0.002067
891	0.004331	0.002053
892	0.003270	0.002061
893	0.004269	0.002106
894	0.004062	0.002087
895	0.004329	0.002091
896	0.003259	0.002081
897	0.004391	0.002110
898	0.004091	0.002055
899	0.004369	0.002073
900	0.003361	0.002088
901	0.004416	0.002093
902	0.004191	0.002173
903	0.004605	0.002131
904	0.002978	0.002132
905	0.004645	0.002084
906	0.004213	0.002138
907	0.004513	0.002115
908	0.003451	0.002150
909	0.004636	0.002147
910	0.004224	0.002167
911	0.004695	0.002197
912	0.003051	0.002134
913	0.004715	0.002136
914	0.004300	0.002162
915	0.004667	0.002185
916	0.003520	0.002204
917	0.004692	0.002180
918	0.004387	0.002172
919	0.004683	0.002167
920	0.003085	0.002209
921	0.004874	0.002231
922	0.004436	0.002229
923	0.004847	0.002178
924	0.003527	0.002193
925	0.004767	0.002224
926	0.004339	0.002234
927	0.004583	0.002268
928	0.003286	0.002205
929	0.004684	0.002225
930	0.004306	0.002252
931	0.004654	0.002260
932	0.003515	0.002291
933	0.004639	0.002251
934	0.004384	0.002250
935	0.004689	0.002269
936	0.003147	0.002313
937	0.004854	0.002312
938	0.004456	0.002325
939	0.004849	0.002256
940	0.003662	0.002258
941	0.004869	0.002325
942	0.004834	0.002303
943	0.004807	0.002304
944	0.003575	0.002332
945	0.004694	0.002341
946	0.004971	0.002304
947	0.004747	0.002321
948	0.003915	0.002334
949	0.004821	0.002349
950	0.004772	0.002379
951	0.004815	0.002404
952	0.003280	0.002351
953	0.004916	0.002329
954	0.004709	0.002364
955	0.005142	0.002355
956	0.003883	0.002355
957	0.005493	0.002415
958	0.004808	0.002458
959	0.005347	0.002360
960	0.003569	0.002384
961	0.005302	0.002370
962	0.004948	0.002396
963	0.005059	0.002388
964	0.003985	0.002425
965	0.005064	0.002408
966	0.005133	0.002434
967	0.004912	0.002407
968	0.003545	0.002397
969	0.004978	0.002436
970	0.005230	0.002465
971	0.005215	0.002412
972	0.004056	0.002459
973	0.005342	0.002503
974	0.004952	0.002435
975	0.005377	0.002463
976	0.003448	0.002470
977	0.005300	0.002450
978	0.004793	0.002493
979	0.005121	0.002504
980	0.003916	0.002531
981	0.005005	0.002531
982	0.005055	0.002511
983	0.004989	0.002555
984	0.003552	0.002468
985	0.005176	0.002532
986	0.005314	0.002506
987	0.005085	0.002521
988	0.004041	0.002517
989	0.005231	0.002545
990	0.005040	0.002541
991	0.005704	0.002583
992	0.003796	0.002592
993	0.005852	0.002585
994	0.005096	0.002526
995	0.005664	0.002578
996	0.004192	0.002535
997	0.005398	0.002588
998	0.005289	0.002575
999	0.005273	0.002653
1000	0.003837	0.002620
